3.9000000953674316
9.0
9.899999618530273
12.0
17.899999618530273
8.300000190734863
6.300000190734863
12.600000381469727
13.0
16.700000762939453
11.800000190734863
18.899999618530273
14.699999809265137
13.399999618530273
11.399999618530273
11.399999618530273
9.800000190734863
8.0
9.100000381469727
17.399999618530273
9.800000190734863
4.400000095367432
13.899999618530273
20.399999618530273
19.899999618530273
12.100000381469727
13.100000381469727
11.600000381469727
10.699999809265137
11.600000381469727
7.800000190734863
5.400000095367432
8.399999618530273
8.899999618530273
8.399999618530273
5.199999809265137
6.699999809265137
5.5
11.399999618530273
11.800000190734863
5.300000190734863
14.399999618530273
9.300000190734863
7.400000095367432
9.699999809265137
4.300000190734863
9.399999618530273
5.300000190734863
13.0
6.099999904632568
9.300000190734863
5.699999809265137
12.0
15.300000190734863
9.199999809265137
8.0
12.199999809265137
5.800000190734863
8.5
6.199999809265137
9.5
4.900000095367432
8.199999809265137
9.5
9.399999618530273
14.899999618530273
7.800000190734863
13.399999618530273
11.899999618530273
12.399999618530273
11.800000190734863
3.5
10.0
15.699999809265137
10.399999618530273
4.5
2.200000047683716
11.300000190734863
7.0
10.899999618530273
7.099999904632568
1.0
3.700000047683716
4.300000190734863
3.700000047683716
9.699999809265137
6.300000190734863
5.300000190734863
6.5
6.5
3.0999999046325684
4.400000095367432
4.400000095367432
2.299999952316284
7.099999904632568
8.300000190734863
11.300000190734863
8.899999618530273
7.199999809265137
13.800000190734863
9.199999809265137
2.200000047683716
6.900000095367432
6.599999904632568
11.5
19.0
12.600000381469727
12.5
5.800000190734863
12.300000190734863
5.0
7.300000190734863
15.899999618530273
8.300000190734863
7.800000190734863
5.599999904632568
4.900000095367432
3.200000047683716
16.0
8.199999809265137
11.100000381469727
6.800000190734863
3.700000047683716
4.099999904632568
8.399999618530273
6.699999809265137
7.800000190734863
10.399999618530273
8.0
4.5
9.300000190734863
12.699999809265137
5.699999809265137
5.900000095367432
5.800000190734863
14.0
11.399999618530273
4.099999904632568
19.899999618530273
8.100000381469727
7.199999809265137
7.800000190734863
10.100000381469727
8.800000190734863
5.0
6.300000190734863
6.300000190734863
6.0
6.099999904632568
3.200000047683716
7.5
6.0
5.900000095367432
6.699999809265137
24.299999237060547
11.600000381469727
5.199999809265137
8.399999618530273
2.299999952316284
4.599999904632568
12.100000381469727
6.800000190734863
4.800000190734863
6.400000095367432
5.699999809265137
4.0
15.199999809265137
9.100000381469727
11.399999618530273
17.200000762939453
18.799999237060547
9.699999809265137
9.699999809265137
9.699999809265137
10.699999809265137
8.5
9.0
14.899999618530273
6.900000095367432
7.5
8.600000381469727
1.0
3.4000000953674316
3.9000000953674316
9.300000190734863
21.0
15.5
8.800000190734863
4.300000190734863
6.0
13.5
7.300000190734863
31.0
7.800000190734863
2.5
5.199999809265137
8.199999809265137
7.300000190734863
10.199999809265137
8.300000190734863
5.800000190734863
4.199999809265137
2.9000000953674316
7.0
9.300000190734863
10.600000381469727
9.300000190734863
8.399999618530273
11.600000381469727
3.799999952316284
6.0
10.300000190734863
11.100000381469727
11.100000381469727
6.199999809265137
3.299999952316284
8.0
10.699999809265137
6.699999809265137
7.099999904632568
6.5
9.699999809265137
14.300000190734863
7.5
4.5
5.300000190734863
4.199999809265137
3.299999952316284
9.5
6.900000095367432
2.9000000953674316
4.900000095367432
5.699999809265137
7.300000190734863
5.300000190734863
6.900000095367432
8.5
5.300000190734863
5.0
3.5
8.800000190734863
9.100000381469727
2.9000000953674316
6.900000095367432
4.900000095367432
9.800000190734863
11.300000190734863
4.5
4.300000190734863
10.5
8.100000381469727
7.199999809265137
7.5
17.100000381469727
11.100000381469727
7.300000190734863
6.900000095367432
12.800000190734863
4.699999809265137
2.299999952316284
7.400000095367432
3.4000000953674316
4.400000095367432
6.800000190734863
4.599999904632568
7.699999809265137
7.0
7.400000095367432
6.099999904632568
12.0
9.100000381469727
11.300000190734863
11.600000381469727
14.600000381469727
11.600000381469727
8.5
5.199999809265137
6.0
4.5
5.900000095367432
4.099999904632568
5.199999809265137
6.599999904632568
6.900000095367432
10.899999618530273
7.400000095367432
2.0999999046325684
8.199999809265137
7.900000095367432
8.399999618530273
5.0
9.0
4.900000095367432
8.399999618530273
15.5
4.800000190734863
7.5
7.900000095367432
8.600000381469727
6.800000190734863
8.600000381469727
10.199999809265137
10.399999618530273
11.100000381469727
4.0
10.5
10.399999618530273
16.299999237060547
6.0
4.5
1.899999976158142
4.400000095367432
10.399999618530273
12.5
7.5
7.199999809265137
9.699999809265137
3.5
2.299999952316284
3.4000000953674316
7.599999904632568
7.099999904632568
7.300000190734863
7.800000190734863
5.800000190734863
6.400000095367432
3.9000000953674316
9.899999618530273
5.599999904632568
7.599999904632568
7.599999904632568
6.0
6.699999809265137
7.199999809265137
10.699999809265137
6.300000190734863
5.400000095367432
11.600000381469727
10.699999809265137
11.699999809265137
7.099999904632568
3.799999952316284
4.599999904632568
10.600000381469727
5.300000190734863
4.300000190734863
4.5
8.0
9.0
9.100000381469727
12.600000381469727
14.399999618530273
10.399999618530273
7.699999809265137
13.899999618530273
22.200000762939453
9.5
9.100000381469727
10.0
4.5
5.300000190734863
7.199999809265137
2.4000000953674316
5.0
3.0
5.800000190734863
6.0
11.600000381469727
9.899999618530273
7.0
7.300000190734863
4.300000190734863
4.400000095367432
4.599999904632568
7.0
7.0
3.9000000953674316
5.5
8.800000190734863
17.100000381469727
4.5
3.0
6.800000190734863
7.800000190734863
5.599999904632568
7.199999809265137
5.699999809265137
3.700000047683716
4.800000190734863
3.299999952316284
4.599999904632568
5.400000095367432
5.599999904632568
8.199999809265137
8.899999618530273
7.400000095367432
7.699999809265137
4.0
7.599999904632568
7.900000095367432
0.8999999761581421
5.300000190734863
7.900000095367432
7.800000190734863
1.7000000476837158
7.599999904632568
9.699999809265137
4.5
4.599999904632568
6.5
3.299999952316284
3.5999999046325684
6.099999904632568
5.599999904632568
7.900000095367432
5.300000190734863
4.5
7.400000095367432
8.800000190734863
5.599999904632568
4.599999904632568
3.0999999046325684
3.0
3.0999999046325684
7.400000095367432
8.199999809265137
4.900000095367432
2.200000047683716
4.800000190734863
8.399999618530273
5.300000190734863
7.5
7.300000190734863
6.699999809265137
3.5
4.900000095367432
3.4000000953674316
9.300000190734863
9.0
4.099999904632568
4.800000190734863
2.799999952316284
6.900000095367432
6.199999809265137
12.0
12.5
8.5
11.100000381469727
19.100000381469727
14.300000190734863
10.199999809265137
6.5
5.599999904632568
2.799999952316284
3.700000047683716
11.699999809265137
4.300000190734863
3.299999952316284
5.400000095367432
8.699999809265137
2.700000047683716
5.300000190734863
6.400000095367432
8.100000381469727
4.400000095367432
5.400000095367432
4.400000095367432
8.0
4.800000190734863
7.400000095367432
8.300000190734863
5.599999904632568
10.199999809265137
9.199999809265137
15.899999618530273
10.0
9.100000381469727
9.0
9.5
8.5
14.199999809265137
4.099999904632568
3.4000000953674316
5.0
12.0
7.099999904632568
7.900000095367432
7.199999809265137
5.599999904632568
9.199999809265137
24.799999237060547
33.79999923706055
26.0
13.399999618530273
9.600000381469727
11.399999618530273
10.100000381469727
6.599999904632568
5.699999809265137
6.699999809265137
9.800000190734863
11.300000190734863
5.5
12.5
7.400000095367432
11.0
11.199999809265137
11.5
8.100000381469727
3.5999999046325684
8.0
8.899999618530273
10.699999809265137
6.5
3.0999999046325684
4.400000095367432
7.900000095367432
7.5
6.599999904632568
11.100000381469727
5.5
5.400000095367432
9.399999618530273
13.600000381469727
3.299999952316284
4.5
5.199999809265137
4.900000095367432
5.5
5.699999809265137
9.300000190734863
9.800000190734863
7.5
7.099999904632568
6.5
4.199999809265137
7.800000190734863
7.900000095367432
4.199999809265137
5.5
3.799999952316284
4.0
6.800000190734863
4.900000095367432
5.599999904632568
1.600000023841858
4.300000190734863
2.9000000953674316
9.800000190734863
4.400000095367432
10.100000381469727
7.800000190734863
9.800000190734863
12.600000381469727
13.699999809265137
9.5
3.700000047683716
6.400000095367432
2.5
0.699999988079071
5.800000190734863
5.699999809265137
6.0
9.100000381469727
10.300000190734863
9.699999809265137
8.699999809265137
1.899999976158142
3.4000000953674316
7.5
5.699999809265137
7.300000190734863
6.900000095367432
8.0
5.900000095367432
6.199999809265137
7.400000095367432
4.800000190734863
2.200000047683716
2.0999999046325684
7.099999904632568
7.0
9.300000190734863
5.300000190734863
7.199999809265137
8.699999809265137
8.600000381469727
10.300000190734863
2.0
11.899999618530273
12.800000190734863
22.399999618530273
11.800000190734863
4.300000190734863
7.199999809265137
6.900000095367432
3.5999999046325684
5.800000190734863
5.900000095367432
7.800000190734863
6.699999809265137
8.399999618530273
13.899999618530273
6.900000095367432
3.5
7.400000095367432
8.600000381469727
4.900000095367432
6.300000190734863
14.100000381469727
12.5
10.0
11.5
12.300000190734863
10.699999809265137
5.599999904632568
13.399999618530273
9.100000381469727
8.699999809265137
19.5
10.399999618530273
15.199999809265137
10.100000381469727
13.699999809265137
4.099999904632568
3.9000000953674316
12.0
4.800000190734863
6.099999904632568
7.0
13.5
21.799999237060547
18.600000381469727
23.200000762939453
20.200000762939453
18.399999618530273
31.899999618530273
25.299999237060547
16.399999618530273
16.200000762939453
16.100000381469727
8.699999809265137
8.199999809265137
11.300000190734863
19.100000381469727
5.800000190734863
6.0
5.599999904632568
5.099999904632568
20.5
4.199999809265137
13.0
14.399999618530273
12.899999618530273
